90 [16]00000000[01]008010000002048000000000000000000000000000000000000000000000000000000000000000000000000000000000000000000[04]4c[17]
60 [16]00000000[01]0040100220[02]                                     [04]10[17]
1000 [16]00000000[01]008010000002048000000000000000000000000000000000000000000000000000000000000000000000000000000000000000000[04]4c[17]
60 [16]00000000[01]0040100000[02]Girls 200m Medley                    [04]8C[17]
80 [16]00000000[01]0040100100[02]Ev 15,  Ht 1                         [04]47[17]
50 [16]00000000[01]0040100200[02]                                     [04]0E[17]
50 [16]00000000[01]0040100300[02]2  Lexie Baptiste   WYCS             [04]7A[17]
20 [16]00000000[01]0040100400[02]3  Freya Kelly      WYCS             [04]A1[17]
50 [16]00000000[01]0040100500[02]4  Juju Zhang       BRKS             [04]4D[17]
40 [16]00000000[01]0040100600[02]                                     [04]12[17]
50 [16]00000000[01]0040100700[02]                                     [04]13[17]
30 [16]00000000[01]003000001[04]39[17]
20 [16]00000000[01]0040101100[02]    0.0 [04]9C[17]
30 [16]00000000[01]0040100000[02]Girls 200m Medley                    [04]8C[17]
30 [16]00000000[01]0040100100[02]Ev 15,  Ht 1                         [04]47[17]
20 [16]00000000[01]0040100200[02]                                     [04]0E[17]
30 [16]00000000[01]0040100300[02]2  Lexie Baptiste   WYCS             [04]7A[17]
30 [16]00000000[01]0040100400[02]3  Freya Kelly      WYCS             [04]A1[17]
30 [16]00000000[01]0040100500[02]4  Juju Zhang       BRKS             [04]4D[17]
20 [16]00000000[01]0040100600[02]                                     [04]12[17]
30 [16]00000000[01]0040100700[02]                                     [04]13[17]
20 [16]00000000[01]0040101100[02]    0.0 [04]9C[17]
5670 [16]00000000[01]0040101100[02]    0.1 [04]9D[17]
110 [16]00000000[01]0040101100[02]    0.2 [04]9E[17]
110 [16]00000000[01]0040101100[02]    0.3 [04]9F[17]
80 [16]00000000[01]0040101100[02]    0.4 [04]A0[17]
110 [16]00000000[01]0040101100[02]    0.5 [04]A1[17]
110 [16]00000000[01]0040101100[02]    0.6 [04]A2[17]
110 [16]00000000[01]0040101100[02]    0.7 [04]A3[17]
90 [16]00000000[01]0040101100[02]    0.8 [04]A4[17]
80 [16]00000000[01]0040101100[02]    0.9 [04]A5[17]
110 [16]00000000[01]0040101100[02]    1.0 [04]9D[17]
110 [16]00000000[01]0040101100[02]    1.1 [04]9E[17]
90 [16]00000000[01]0040101100[02]    1.2 [04]9F[17]
110 [16]00000000[01]0040101100[02] 3:40.9 [04]E6[17]
90 [16]00000000[01]0040101100[02] 3:41.0 [04]DE[17]
110 [16]00000000[01]0040101100[02] 3:41.1 [04]DF[17]
90 [16]00000000[01]0040101100[02] 3:41.2 [04]E0[17]
90 [16]00000000[01]0040101100[02] 3:41.3 [04]E1[17]
90 [16]00000000[01]0040101100[02] 3:41.4 [04]E2[17]
130 [16]00000000[01]0040101100[02] 3:41.5 [04]E3[17]
90 [16]00000000[01]0040101100[02] 3:41.6 [04]E4[17]
90 [16]00000000[01]0040101100[02] 3:41.7 [04]E5[17]
80 [16]00000000[01]0040100300[02]2  Lexie Baptiste   WYCS  3:41.74 1  [04]16[17]
30 [16]00000000[01]0040101100[02] 3:41.74[04]F9[17]
20 [16]00000000[01]0040100500[02]4  Juju Zhang       BRKS  3:41.81 2  [04]E8[17]
7600 [16]00000000[01]0040100200[02]                                     [04]0E[17]
30 [16]00000000[01]0040100300[02]2  Lexie Baptiste   WYCS  3:41.74 1  [04]16[17]
30 [16]00000000[01]0040100400[02]3  Freya Kelly      WYCS  3:43.22 3  [04]3A[17]
50 [16]00000000[01]0040100500[02]4  Juju Zhang       BRKS  3:41.81 2  [04]E8[17]
30 [16]00000000[01]0040100600[02]                                     [04]12[17]
30 [16]00000000[01]0040100700[02]                                     [04]13[17]
1770 [16]00000000[01]008010000002048000000000000000000000000000000000000000000000000000000000000000000000000000000000000000000[04]4c[17]
60 [16]00000000[01]003000002[04]3a[17]
20 [16]00000000[01]0040100000[02]Girls 200m Medley                    [04]8C[17]
30 [16]00000000[01]0040100100[02]Ev 15,  Ht 1                         [04]47[17]
30 [16]00000000[01]0040100200[02]P1  Lexie Baptiste   WYCS  3:41.74 2 [04]45[17]
30 [16]00000000[01]0040100300[02]P2  Juju Zhang       BRKS  3:41.81 4 [04]16[17]
30 [16]00000000[01]0040100400[02]P3  Freya Kelly      WYCS  3:43.22 3 [04]6A[17]
2060 [16]00000000[01]008010000002048000000000000000000000000000000000000000000000000000000000000000000000000000000000000000000[04]4c[17]
60 [16]00000000[01]003000001[04]39[17]
20 [16]00000000[01]0040100000[02]Girls 200m Medley                    [04]8C[17]
30 [16]00000000[01]0040100100[02]Ev 15,  Ht 2                         [04]48[17]
30 [16]00000000[01]0040100200[02]                                     [04]0E[17]
30 [16]00000000[01]0040100300[02]2  I Ebrahimzadeh   KIRL             [04]40[17]
30 [16]00000000[01]0040100400[02]3  Anna Mura        WYCS             [04]FC[17]
50 [16]00000000[01]0040100500[02]4  Keeley Rees      BRKS             [04]85[17]
20 [16]00000000[01]0040100600[02]5  Lily Marshall    BRKS             [04]27[17]
30 [16]00000000[01]0040100700[02]                                     [04]13[17]
30 [16]00000000[01]0040101100[02]    0.0 [04]9C[17]
11070 [16]00000000[01]0040101100[02]    0.1 [04]9D[17]
