[16]00000000[01]008010000002048000000000000000000000000000000000000000000000000000000000000000000000000000000000000000000[04]4c[17]
80 [16]00000000[01]003000001[04]39[17]
20 [16]00000000[01]0040100000[02]Girls 50m Backstroke                 [04]A8[17]
30 [16]00000000[01]0040100100[02]Ev 17,  Ht 9                         [04]51[17]
30 [16]00000000[01]0040100200[02]1  Eliza Jesson     BRKS             [04]D8[17]
30 [16]00000000[01]0040100300[02]2  Lily Evans       BRKS             [04]4A[17]
30 [16]00000000[01]0040100400[02]3  I Lovelace       CHMS             [04]22[17]
30 [16]00000000[01]0040100500[02]4  Hannah Youster   BRKS             [04]80[17]
30 [16]00000000[01]0040100600[02]5  Ellie Thomas     BRKS             [04]D0[17]
30 [16]00000000[01]0040100700[02]6  Chloe Salter     BRKS             [04]D1[17]
30 [16]00000000[01]0040101100[02]    0.0 [04]9C[17]
1350 [16]00000000[01]0040101100[02]    0.1 [04]9D[17]
90 [16]00000000[01]0040101100[02]    0.2 [04]9E[17]
110 [16]00000000[01]0040101100[02]    0.3 [04]9F[17]
90 [16]00000000[01]0040101100[02]    0.4 [04]A0[17]
90 [16]00000000[01]0040101100[02]    0.5 [04]A1[17]
130 [16]00000000[01]0040101100[02]    0.6 [04]A2[17]
80 [16]00000000[01]0040101100[02]    0.7 [04]A3[17]
110 [16]00000000[01]0040101100[02]    0.8 [04]A4[17]
90 [16]00000000[01]0040101100[02]    0.9 [04]A5[17]
110 [16]00000000[01]0040101100[02]    1.0 [04]9D[17]
90 [16]00000000[01]0040101100[02]    1.1 [04]9E[17]
80 [16]00000000[01]0040101100[02]    1.2 [04]9F[17]
130 [16]00000000[01]0040101100[02]    1.3 [04]A0[17]
110 [16]00000000[01]0040101100[02]    1.4 [04]A1[17]
90 [16]00000000[01]0040101100[02]    1.5 [04]A2[17]
90 [16]00000000[01]0040101100[02]    1.6 [04]A3[17]
110 [16]00000000[01]0040101100[02]    1.7 [04]A4[17]
90 [16]00000000[01]0040101100[02]    1.8 [04]A5[17]
90 [16]00000000[01]0040101100[02]    1.9 [04]A6[17]
110 [16]00000000[01]0040101100[02]    2.0 [04]9E[17]
90 [16]00000000[01]0040101100[02]    2.1 [04]9F[17]
90 [16]00000000[01]0040101100[02]    2.2 [04]A0[17]
110 [16]00000000[01]0040101100[02]    2.3 [04]A1[17]
130 [16]00000000[01]0040101100[02]    2.4 [04]A2[17]
60 [16]00000000[01]0040101100[02]    2.5 [04]A3[17]
130 [16]00000000[01]0040101100[02]    2.6 [04]A4[17]
80 [16]00000000[01]0040101100[02]    2.7 [04]A5[17]
110 [16]00000000[01]0040101100[02]    2.8 [04]A6[17]
90 [16]00000000[01]0040101100[02]    2.9 [04]A7[17]
110 [16]00000000[01]0040101100[02]    3.0 [04]9F[17]
90 [16]00000000[01]0040101100[02]    3.1 [04]A0[17]
80 [16]00000000[01]0040101100[02]    3.2 [04]A1[17]
130 [16]00000000[01]0040101100[02]    3.3 [04]A2[17]
110 [16]00000000[01]0040101100[02]    3.4 [04]A3[17]
90 [16]00000000[01]0040101100[02]    3.5 [04]A4[17]
90 [16]00000000[01]0040101100[02]    3.6 [04]A5[17]
80 [16]00000000[01]0040101100[02]    3.7 [04]A6[17]
130 [16]00000000[01]0040101100[02]    3.8 [04]A7[17]
90 [16]00000000[01]0040101100[02]    3.9 [04]A8[17]
110 [16]00000000[01]0040101100[02]    4.0 [04]A0[17]
2000 [16]00000000[01]0040100500[02]4  Hannah Youster   BRKS    35.19 1  [04]F1[17]
30 [16]00000000[01]0040101100[02]   35.19[04]CE[17]
840 [16]00000000[01]0040100400[02]3  I Lovelace       CHMS    36.04 2  [04]8F[17]
480 [16]00000000[01]0040100600[02]5  Ellie Thomas     BRKS    36.50 3  [04]3F[17]
780 [16]00000000[01]0040100200[02]1  Eliza Jesson     BRKS    37.31 4  [04]48[17]
450 [16]00000000[01]0040100300[02]2  Lily Evans       BRKS    37.75 5  [04]C3[17]
110 [16]00000000[01]0040100700[02]6  Chloe Salter     BRKS    37.87 6  [04]4E[17]
4000 [16]00000000[01]008010000002048000000000000000000000000000000000000000000000000000000000000000000000000000000000000000000[04]4c[17]
80 [16]00000000[01]003000002[04]3a[17]
20 [16]00000000[01]0040100000[02]Girls 50m Backstroke                 [04]A8[17]
30 [16]00000000[01]0040100100[02]Ev 17,  Ht 9                         [04]51[17]
30 [16]00000000[01]0040100200[02]P1  Hannah Youster   BRKS    35.19 4 [04]1E[17]
30 [16]00000000[01]0040100300[02]P2  I Lovelace       CHMS    36.04 3 [04]BE[17]
30 [16]00000000[01]0040100400[02]P3  Ellie Thomas     BRKS    36.50 5 [04]6D[17]
30 [16]00000000[01]0040100500[02]P4  Eliza Jesson     BRKS    37.31 1 [04]7B[17]
30 [16]00000000[01]0040100600[02]P5  Lily Evans       BRKS    37.75 2 [04]F6[17]
30 [16]00000000[01]0040100700[02]P6  Chloe Salter     BRKS    37.87 6 [04]7E[17]
4000 [16]00000000[01]008010000002048000000000000000000000000000000000000000000000000000000000000000000000000000000000000000000[04]4c[17]